<!DOCTYPE html>
<html><head data-gwd-animation-mode="quickMode"><meta name="GCD" content="YTk3ODQ3ZWZhN2I4NzZmMzBkNTEwYjJlf672685adf2bcf48320a65fabe100ae0"/>
    <title>thaddy.com</title>
    <meta http-equiv="Content-Type" content="text/html; charset=utf-8">
    <meta name="generator" content="Google Web Designer 1.0.1.1025">
    <style type="text/css">html, body {
  width: 100%;
  height: 100%;
  margin: 0px;
}

body {
  background-color: transparent;
  -webkit-transform: perspective(1400px) matrix3d(1, 0, 0, 0, 0, 1, 0, 0, 0, 0, 1, 0, 0, 0, 0, 1);
  -moz-transform: perspective(1400px) matrix3d(1, 0, 0, 0, 0, 1, 0, 0, 0, 0, 1, 0, 0, 0, 0, 1);
  transform: perspective(1400px) matrix3d(1, 0, 0, 0, 0, 1, 0, 0, 0, 0, 1, 0, 0, 0, 0, 1);
  -webkit-transform-style: preserve-3d;
  -moz-transform-style: preserve-3d;
  transform-style: preserve-3d;
}

.gwd-div-9xmn {
  position: absolute;
  text-align: left;
  color: rgb(0, 0, 0);
  font-size: 96px;
  left: 439px;
  top: 193px;
  font-family: 'Shadows Into Light';
  -webkit-transform-style: preserve-3d;
  -moz-transform-style: preserve-3d;
  transform-style: preserve-3d;
  -webkit-transform: matrix3d(-0.9998710472, 0, 0.0160589242, 0, 0, 1, 0, 0, -0.0160589242, 0, -0.9998710472, 0, 0, 0, 0, 1);
  -moz-transform: matrix3d(-0.9998710472, 0, 0.0160589242, 0, 0, 1, 0, 0, -0.0160589242, 0, -0.9998710472, 0, 0, 0, 0, 1);
  transform: matrix3d(-0.9998710472, 0, 0.0160589242, 0, 0, 1, 0, 0, -0.0160589242, 0, -0.9998710472, 0, 0, 0, 0, 1);
}

.gwd-span-dv9z {
  font-family: 'Shadows Into Light';
}

.gwd-gen-xsjggwdanimation {
  -webkit-animation: gwd-gen-xsjggwdanimation_animation 3s linear 0s 1 forwards;
  -moz-animation: gwd-gen-xsjggwdanimation_animation 3s linear 0s 1 forwards;
  animation: gwd-gen-xsjggwdanimation_animation 3s linear 0s 1 forwards;
}

@-webkit-keyframes gwd-gen-xsjggwdanimation_animation {
  0% { -webkit-animation-timing-function: linear; -webkit-transform: matrix3d(-0.9998710472, 0, 0.0160589242, 0, 0, 1, 0, 0, -0.0160589242, 0, -0.9998710472, 0, 0, 0, 0, 1); }
  33.3333% { -webkit-animation-timing-function: linear; -webkit-transform: matrix3d(0.9998704158, 0, -0.0160981888, 0, 0, 1, 0, 0, 0.0160981888, 0, 0.9998704158, 0, 0, 0, 0, 1); }
  66.6667% { -webkit-animation-timing-function: linear; -webkit-transform: matrix3d(0.760001946, 0, -0.6499207967, 0, -0.1295733668, 0.9799247046, -0.1515200181, 0, 0.6368734448, 0.1993679344, 0.7447446825, 0, 0, 0, 0, 1); }
  100% { -webkit-animation-timing-function: linear; -webkit-transform: matrix3d(0.760001946, 0, -0.6499207967, 0, -0.1295733668, 0.9799247046, -0.1515200181, 0, 0.6368734448, 0.1993679344, 0.7447446825, 0, 0, 0, 0, 1); }
}
@-moz-keyframes gwd-gen-xsjggwdanimation_animation {
  0% { -moz-animation-timing-function: linear; -moz-transform: matrix3d(-0.9998710472, 0, 0.0160589242, 0, 0, 1, 0, 0, -0.0160589242, 0, -0.9998710472, 0, 0, 0, 0, 1); }
  33.3333% { -moz-animation-timing-function: linear; -moz-transform: matrix3d(0.9998704158, 0, -0.0160981888, 0, 0, 1, 0, 0, 0.0160981888, 0, 0.9998704158, 0, 0, 0, 0, 1); }
  66.6667% { -moz-animation-timing-function: linear; -moz-transform: matrix3d(0.760001946, 0, -0.6499207967, 0, -0.1295733668, 0.9799247046, -0.1515200181, 0, 0.6368734448, 0.1993679344, 0.7447446825, 0, 0, 0, 0, 1); }
  100% { -moz-animation-timing-function: linear; -moz-transform: matrix3d(0.760001946, 0, -0.6499207967, 0, -0.1295733668, 0.9799247046, -0.1515200181, 0, 0.6368734448, 0.1993679344, 0.7447446825, 0, 0, 0, 0, 1); }
}
@keyframes gwd-gen-xsjggwdanimation_animation {
  0% { animation-timing-function: linear; transform: matrix3d(-0.9998710472, 0, 0.0160589242, 0, 0, 1, 0, 0, -0.0160589242, 0, -0.9998710472, 0, 0, 0, 0, 1); }
  33.3333% { animation-timing-function: linear; transform: matrix3d(0.9998704158, 0, -0.0160981888, 0, 0, 1, 0, 0, 0.0160981888, 0, 0.9998704158, 0, 0, 0, 0, 1); }
  66.6667% { animation-timing-function: linear; transform: matrix3d(0.760001946, 0, -0.6499207967, 0, -0.1295733668, 0.9799247046, -0.1515200181, 0, 0.6368734448, 0.1993679344, 0.7447446825, 0, 0, 0, 0, 1); }
  100% { animation-timing-function: linear; transform: matrix3d(0.760001946, 0, -0.6499207967, 0, -0.1295733668, 0.9799247046, -0.1515200181, 0, 0.6368734448, 0.1993679344, 0.7447446825, 0, 0, 0, 0, 1); }
}
.gwd-gen-xsjggwdanimation-gen-animation0keyframe {
  -webkit-transform: matrix3d(-0.9998710472, 0, 0.0160589242, 0, 0, 1, 0, 0, -0.0160589242, 0, -0.9998710472, 0, 0, 0, 0, 1);
  -moz-transform: matrix3d(-0.9998710472, 0, 0.0160589242, 0, 0, 1, 0, 0, -0.0160589242, 0, -0.9998710472, 0, 0, 0, 0, 1);
  transform: matrix3d(-0.9998710472, 0, 0.0160589242, 0, 0, 1, 0, 0, -0.0160589242, 0, -0.9998710472, 0, 0, 0, 0, 1);
}

</style>
    <link href="https://fonts.googleapis.com/css?family=Shadows+Into+Light" rel="stylesheet" type="text/css">
  </head>
  
  <body>
    <div class="gwd-div-9xmn gwd-gen-xsjggwdanimation gwd-gen-xsjggwdanimation-gen-animation0keyframe"><span class="gwd-span-dv9z">Lazarus IDE + FPC</span>

    </div>
  <a href="https://info.flagcounter.com/KHpL"><img src="https://s01.flagcounter.com/count2/KHpL/bg_FFFFFF/txt_000000/border_CCCCCC/columns_2/maxflags_10/viewers_0/labels_0/pageviews_0/flags_0/percent_0/" alt="Flag Counter" border="0"></a>

</body></html>
